//X
1.00015,2.1409,
//X_Predict
1.00015,2.1409,
//m_P
1.00031165 0.00000000 0.00000000 0.00000000 0.00000000 0.00000000 0.00000000 0.00000000 0.00000000 
0.00000000 0.01000000 0.00000000 0.00000000 0.00000000 0.00000000 0.00000000 0.00000000 0.00000000 
0.00000000 0.00000000 0.01000000 0.00000000 0.00000000 0.00000000 0.00000000 0.00000000 0.00000000 
0.00000000 0.00000000 0.00000000 1.14586175 0.00000000 0.00000000 0.00000000 0.00000000 0.00000000 
0.00000000 0.00000000 0.00000000 0.00000000 0.01000000 0.00000000 0.00000000 0.00000000 0.00000000 
0.00000000 0.00000000 0.00000000 0.00000000 0.00000000 0.01000000 0.00000000 0.00000000 0.00000000 
0.00000000 0.00000000 0.00000000 0.00000000 0.00000000 0.00000000 0.00000000 0.00000000 0.00000000 
0.00000000 0.00000000 0.00000000 0.00000000 0.00000000 0.00000000 0.00000000 0.01000000 0.00000000 
0.00000000 0.00000000 0.00000000 0.00000000 0.00000000 0.00000000 0.00000000 0.00000000 0.01000000 

//X
0.89916062,1.95218956,
//X_Predict
1.94658244,4.16679810,
//m_P
1.00039816 0.00093046 0.00000479 0.00000000 0.00000000 0.00000000 0.00000000 0.00000000 0.00000000 
0.00093046 0.01001224 0.00015884 0.00000000 0.00000000 0.00000000 0.00000000 0.00000000 0.00000000 
0.00000479 0.00015884 0.00365875 0.00000000 0.00000000 0.00000000 0.00000000 0.00000000 0.00000000 
0.00000000 0.00000000 0.00000000 1.14594826 0.00093046 0.00000479 0.00000000 0.00000000 0.00000000 
0.00000000 0.00000000 0.00000000 0.00093046 0.01001224 0.00015884 0.00000000 0.00000000 0.00000000 
0.00000000 0.00000000 0.00000000 0.00000479 0.00015884 0.00365875 0.00000000 0.00000000 0.00000000 
0.00000000 0.00000000 0.00000000 0.00000000 0.00000000 0.00000000 0.00008651 0.00093046 0.00000479 
0.00000000 0.00000000 0.00000000 0.00000000 0.00000000 0.00000000 0.00093046 0.01001224 0.00015884 
0.00000000 0.00000000 0.00000000 0.00000000 0.00000000 0.00000000 0.00000479 0.00015884 0.00365875 

//X
2.14626122,4.23993683,
//X_Predict
2.89301048,6.19269458,
//m_P
1.00065784 0.00186205 0.00000479 0.00000000 0.00000000 0.00000000 0.00000000 0.00000000 0.00000000 
0.00186205 0.01002449 0.00015884 0.00000000 0.00000000 0.00000000 0.00000000 0.00000000 0.00000000 
0.00000479 0.00015884 0.00365875 0.00000000 0.00000000 0.00000000 0.00000000 0.00000000 0.00000000 
0.00000000 0.00000000 0.00000000 1.14620794 0.00186205 0.00000479 0.00000000 0.00000000 0.00000000 
0.00000000 0.00000000 0.00000000 0.00186205 0.01002449 0.00015884 0.00000000 0.00000000 0.00000000 
0.00000000 0.00000000 0.00000000 0.00000479 0.00015884 0.00365875 0.00000000 0.00000000 0.00000000 
0.00000000 0.00000000 0.00000000 0.00000000 0.00000000 0.00000000 0.00034619 0.00186205 0.00000479 
0.00000000 0.00000000 0.00000000 0.00000000 0.00000000 0.00000000 0.00186205 0.01002449 0.00015884 
0.00000000 0.00000000 0.00000000 0.00000000 0.00000000 0.00000000 0.00000479 0.00015884 0.00365875 

//X
2.75637078,5.92196798,
//X_Predict
3.83943851,8.21859105,
//m_P
1.00109090 0.00279479 0.00000479 0.00000000 0.00000000 0.00000000 0.00000000 0.00000000 0.00000000 
0.00279479 0.01003673 0.00015884 0.00000000 0.00000000 0.00000000 0.00000000 0.00000000 0.00000000 
0.00000479 0.00015884 0.00365875 0.00000000 0.00000000 0.00000000 0.00000000 0.00000000 0.00000000 
0.00000000 0.00000000 0.00000000 1.14664100 0.00279479 0.00000479 0.00000000 0.00000000 0.00000000 
0.00000000 0.00000000 0.00000000 0.00279479 0.01003673 0.00015884 0.00000000 0.00000000 0.00000000 
0.00000000 0.00000000 0.00000000 0.00000479 0.00015884 0.00365875 0.00000000 0.00000000 0.00000000 
0.00000000 0.00000000 0.00000000 0.00000000 0.00000000 0.00000000 0.00077925 0.00279479 0.00000479 
0.00000000 0.00000000 0.00000000 0.00000000 0.00000000 0.00000000 0.00279479 0.01003673 0.00015884 
0.00000000 0.00000000 0.00000000 0.00000000 0.00000000 0.00000000 0.00000479 0.00015884 0.00365875 

//X
4.41140699,8.74661446,
//X_Predict
4.78586654,10.24448753,
//m_P
1.00169755 0.00372866 0.00000479 0.00000000 0.00000000 0.00000000 0.00000000 0.00000000 0.00000000 
0.00372866 0.01004897 0.00015884 0.00000000 0.00000000 0.00000000 0.00000000 0.00000000 0.00000000 
0.00000479 0.00015884 0.00365875 0.00000000 0.00000000 0.00000000 0.00000000 0.00000000 0.00000000 
0.00000000 0.00000000 0.00000000 1.14724766 0.00372866 0.00000479 0.00000000 0.00000000 0.00000000 
0.00000000 0.00000000 0.00000000 0.00372866 0.01004897 0.00015884 0.00000000 0.00000000 0.00000000 
0.00000000 0.00000000 0.00000000 0.00000479 0.00015884 0.00365875 0.00000000 0.00000000 0.00000000 
0.00000000 0.00000000 0.00000000 0.00000000 0.00000000 0.00000000 0.00138591 0.00372866 0.00000479 
0.00000000 0.00000000 0.00000000 0.00000000 0.00000000 0.00000000 0.00372866 0.01004897 0.00015884 
0.00000000 0.00000000 0.00000000 0.00000000 0.00000000 0.00000000 0.00000479 0.00015884 0.00365875 

//X
4.48381186,9.82370567,
//X_Predict
5.73229458,12.27038400,
//m_P
1.00247802 0.00466367 0.00000479 0.00000000 0.00000000 0.00000000 0.00000000 0.00000000 0.00000000 
0.00466367 0.01006122 0.00015884 0.00000000 0.00000000 0.00000000 0.00000000 0.00000000 0.00000000 
0.00000479 0.00015884 0.00365875 0.00000000 0.00000000 0.00000000 0.00000000 0.00000000 0.00000000 
0.00000000 0.00000000 0.00000000 1.14802812 0.00466367 0.00000479 0.00000000 0.00000000 0.00000000 
0.00000000 0.00000000 0.00000000 0.00466367 0.01006122 0.00015884 0.00000000 0.00000000 0.00000000 
0.00000000 0.00000000 0.00000000 0.00000479 0.00015884 0.00365875 0.00000000 0.00000000 0.00000000 
0.00000000 0.00000000 0.00000000 0.00000000 0.00000000 0.00000000 0.00216637 0.00466367 0.00000479 
0.00000000 0.00000000 0.00000000 0.00000000 0.00000000 0.00000000 0.00466367 0.01006122 0.00015884 
0.00000000 0.00000000 0.00000000 0.00000000 0.00000000 0.00000000 0.00000479 0.00015884 0.00365875 

//X
6.53284025,12.77031517,
//X_Predict
6.67872261,14.29628048,
//m_P
1.00343250 0.00559982 0.00000479 0.00000000 0.00000000 0.00000000 0.00000000 0.00000000 0.00000000 
0.00559982 0.01007346 0.00015884 0.00000000 0.00000000 0.00000000 0.00000000 0.00000000 0.00000000 
0.00000479 0.00015884 0.00365875 0.00000000 0.00000000 0.00000000 0.00000000 0.00000000 0.00000000 
0.00000000 0.00000000 0.00000000 1.14898260 0.00559982 0.00000479 0.00000000 0.00000000 0.00000000 
0.00000000 0.00000000 0.00000000 0.00559982 0.01007346 0.00015884 0.00000000 0.00000000 0.00000000 
0.00000000 0.00000000 0.00000000 0.00000479 0.00015884 0.00365875 0.00000000 0.00000000 0.00000000 
0.00000000 0.00000000 0.00000000 0.00000000 0.00000000 0.00000000 0.00312085 0.00559982 0.00000479 
0.00000000 0.00000000 0.00000000 0.00000000 0.00000000 0.00000000 0.00559982 0.01007346 0.00015884 
0.00000000 0.00000000 0.00000000 0.00000000 0.00000000 0.00000000 0.00000479 0.00015884 0.00365875 

//X
6.39094925,12.27627468,
//X_Predict
7.62515064,16.32217696,
//m_P
1.00456121 0.00653711 0.00000479 0.00000000 0.00000000 0.00000000 0.00000000 0.00000000 0.00000000 
0.00653711 0.01008570 0.00015884 0.00000000 0.00000000 0.00000000 0.00000000 0.00000000 0.00000000 
0.00000479 0.00015884 0.00365875 0.00000000 0.00000000 0.00000000 0.00000000 0.00000000 0.00000000 
0.00000000 0.00000000 0.00000000 1.15011131 0.00653711 0.00000479 0.00000000 0.00000000 0.00000000 
0.00000000 0.00000000 0.00000000 0.00653711 0.01008570 0.00015884 0.00000000 0.00000000 0.00000000 
0.00000000 0.00000000 0.00000000 0.00000479 0.00015884 0.00365875 0.00000000 0.00000000 0.00000000 
0.00000000 0.00000000 0.00000000 0.00000000 0.00000000 0.00000000 0.00424956 0.00653711 0.00000479 
0.00000000 0.00000000 0.00000000 0.00000000 0.00000000 0.00000000 0.00653711 0.01008570 0.00015884 
0.00000000 0.00000000 0.00000000 0.00000000 0.00000000 0.00000000 0.00000479 0.00015884 0.00365875 

//X
8.09143543,16.72891426,
//X_Predict
8.57157868,18.34807343,
//m_P
1.00586436 0.00747553 0.00000479 0.00000000 0.00000000 0.00000000 0.00000000 0.00000000 0.00000000 
0.00747553 0.01009795 0.00015884 0.00000000 0.00000000 0.00000000 0.00000000 0.00000000 0.00000000 
0.00000479 0.00015884 0.00365875 0.00000000 0.00000000 0.00000000 0.00000000 0.00000000 0.00000000 
0.00000000 0.00000000 0.00000000 1.15141446 0.00747553 0.00000479 0.00000000 0.00000000 0.00000000 
0.00000000 0.00000000 0.00000000 0.00747553 0.01009795 0.00015884 0.00000000 0.00000000 0.00000000 
0.00000000 0.00000000 0.00000000 0.00000479 0.00015884 0.00365875 0.00000000 0.00000000 0.00000000 
0.00000000 0.00000000 0.00000000 0.00000000 0.00000000 0.00000000 0.00555271 0.00747553 0.00000479 
0.00000000 0.00000000 0.00000000 0.00000000 0.00000000 0.00000000 0.00747553 0.01009795 0.00015884 
0.00000000 0.00000000 0.00000000 0.00000000 0.00000000 0.00000000 0.00000479 0.00015884 0.00365875 

//X
8.04066372,16.12327576,
//X_Predict
9.51800671,20.37396991,
//m_P
1.00734217 0.00841510 0.00000479 0.00000000 0.00000000 0.00000000 0.00000000 0.00000000 0.00000000 
0.00841510 0.01011019 0.00015884 0.00000000 0.00000000 0.00000000 0.00000000 0.00000000 0.00000000 
0.00000479 0.00015884 0.00365875 0.00000000 0.00000000 0.00000000 0.00000000 0.00000000 0.00000000 
0.00000000 0.00000000 0.00000000 1.15289227 0.00841510 0.00000479 0.00000000 0.00000000 0.00000000 
0.00000000 0.00000000 0.00000000 0.00841510 0.01011019 0.00015884 0.00000000 0.00000000 0.00000000 
0.00000000 0.00000000 0.00000000 0.00000479 0.00015884 0.00365875 0.00000000 0.00000000 0.00000000 
0.00000000 0.00000000 0.00000000 0.00000000 0.00000000 0.00000000 0.00703052 0.00841510 0.00000479 
0.00000000 0.00000000 0.00000000 0.00000000 0.00000000 0.00000000 0.00841510 0.01011019 0.00015884 
0.00000000 0.00000000 0.00000000 0.00000000 0.00000000 0.00000000 0.00000479 0.00015884 0.00365875 

//X
11.23569012,21.11423302,
//X_Predict
10.46443474,22.39986638,
//m_P
1.00899484 0.00935580 0.00000479 0.00000000 0.00000000 0.00000000 0.00000000 0.00000000 0.00000000 
0.00935580 0.01012243 0.00015884 0.00000000 0.00000000 0.00000000 0.00000000 0.00000000 0.00000000 
0.00000479 0.00015884 0.00365875 0.00000000 0.00000000 0.00000000 0.00000000 0.00000000 0.00000000 
0.00000000 0.00000000 0.00000000 1.15454494 0.00935580 0.00000479 0.00000000 0.00000000 0.00000000 
0.00000000 0.00000000 0.00000000 0.00935580 0.01012243 0.00015884 0.00000000 0.00000000 0.00000000 
0.00000000 0.00000000 0.00000000 0.00000479 0.00015884 0.00365875 0.00000000 0.00000000 0.00000000 
0.00000000 0.00000000 0.00000000 0.00000000 0.00000000 0.00000000 0.00868319 0.00935580 0.00000479 
0.00000000 0.00000000 0.00000000 0.00000000 0.00000000 0.00000000 0.00935580 0.01012243 0.00015884 
0.00000000 0.00000000 0.00000000 0.00000000 0.00000000 0.00000000 0.00000479 0.00015884 0.00365875 

//X
9.78866005,19.26285362,
//X_Predict
11.41086278,24.42576286,
//m_P
1.01082258 0.01029765 0.00000479 0.00000000 0.00000000 0.00000000 0.00000000 0.00000000 0.00000000 
0.01029765 0.01013468 0.00015884 0.00000000 0.00000000 0.00000000 0.00000000 0.00000000 0.00000000 
0.00000479 0.00015884 0.00365875 0.00000000 0.00000000 0.00000000 0.00000000 0.00000000 0.00000000 
0.00000000 0.00000000 0.00000000 1.15637269 0.01029765 0.00000479 0.00000000 0.00000000 0.00000000 
0.00000000 0.00000000 0.00000000 0.01029765 0.01013468 0.00015884 0.00000000 0.00000000 0.00000000 
0.00000000 0.00000000 0.00000000 0.00000479 0.00015884 0.00365875 0.00000000 0.00000000 0.00000000 
0.00000000 0.00000000 0.00000000 0.00000000 0.00000000 0.00000000 0.01051093 0.01029765 0.00000479 
0.00000000 0.00000000 0.00000000 0.00000000 0.00000000 0.00000000 0.01029765 0.01013468 0.00015884 
0.00000000 0.00000000 0.00000000 0.00000000 0.00000000 0.00000000 0.00000479 0.00015884 0.00365875 

//X
12.01338100,25.13368988,
//X_Predict
12.35729081,26.45165933,
//m_P
1.01282562 0.01124063 0.00000479 0.00000000 0.00000000 0.00000000 0.00000000 0.00000000 0.00000000 
0.01124063 0.01014692 0.00015884 0.00000000 0.00000000 0.00000000 0.00000000 0.00000000 0.00000000 
0.00000479 0.00015884 0.00365875 0.00000000 0.00000000 0.00000000 0.00000000 0.00000000 0.00000000 
0.00000000 0.00000000 0.00000000 1.15837572 0.01124063 0.00000479 0.00000000 0.00000000 0.00000000 
0.00000000 0.00000000 0.00000000 0.01124063 0.01014692 0.00015884 0.00000000 0.00000000 0.00000000 
0.00000000 0.00000000 0.00000000 0.00000479 0.00015884 0.00365875 0.00000000 0.00000000 0.00000000 
0.00000000 0.00000000 0.00000000 0.00000000 0.00000000 0.00000000 0.01251397 0.01124063 0.00000479 
0.00000000 0.00000000 0.00000000 0.00000000 0.00000000 0.00000000 0.01124063 0.01014692 0.00015884 
0.00000000 0.00000000 0.00000000 0.00000000 0.00000000 0.00000000 0.00000479 0.00015884 0.00365875 

//X
12.23893452,24.60638809,
//X_Predict
13.30371884,28.47755581,
//m_P
1.01500415 0.01218475 0.00000479 0.00000000 0.00000000 0.00000000 0.00000000 0.00000000 0.00000000 
0.01218475 0.01015917 0.00015884 0.00000000 0.00000000 0.00000000 0.00000000 0.00000000 0.00000000 
0.00000479 0.00015884 0.00365875 0.00000000 0.00000000 0.00000000 0.00000000 0.00000000 0.00000000 
0.00000000 0.00000000 0.00000000 1.16055426 0.01218475 0.00000479 0.00000000 0.00000000 0.00000000 
0.00000000 0.00000000 0.00000000 0.01218475 0.01015917 0.00015884 0.00000000 0.00000000 0.00000000 
0.00000000 0.00000000 0.00000000 0.00000479 0.00015884 0.00365875 0.00000000 0.00000000 0.00000000 
0.00000000 0.00000000 0.00000000 0.00000000 0.00000000 0.00000000 0.01469251 0.01218475 0.00000479 
0.00000000 0.00000000 0.00000000 0.00000000 0.00000000 0.00000000 0.01218475 0.01015917 0.00015884 
0.00000000 0.00000000 0.00000000 0.00000000 0.00000000 0.00000000 0.00000479 0.00015884 0.00365875 

//X
15.05306625,30.12505150,
//X_Predict
14.25014688,30.50345228,
//m_P
1.01735840 0.01313001 0.00000479 0.00000000 0.00000000 0.00000000 0.00000000 0.00000000 0.00000000 
0.01313001 0.01017141 0.00015884 0.00000000 0.00000000 0.00000000 0.00000000 0.00000000 0.00000000 
0.00000479 0.00015884 0.00365875 0.00000000 0.00000000 0.00000000 0.00000000 0.00000000 0.00000000 
0.00000000 0.00000000 0.00000000 1.16290851 0.01313001 0.00000479 0.00000000 0.00000000 0.00000000 
0.00000000 0.00000000 0.00000000 0.01313001 0.01017141 0.00015884 0.00000000 0.00000000 0.00000000 
0.00000000 0.00000000 0.00000000 0.00000479 0.00015884 0.00365875 0.00000000 0.00000000 0.00000000 
0.00000000 0.00000000 0.00000000 0.00000000 0.00000000 0.00000000 0.01704675 0.01313001 0.00000479 
0.00000000 0.00000000 0.00000000 0.00000000 0.00000000 0.00000000 0.01313001 0.01017141 0.00015884 
0.00000000 0.00000000 0.00000000 0.00000000 0.00000000 0.00000000 0.00000479 0.00015884 0.00365875 

//X
13.43655872,28.73642921,
//X_Predict
15.19657491,32.52934876,
//m_P
1.01988858 0.01407640 0.00000479 0.00000000 0.00000000 0.00000000 0.00000000 0.00000000 0.00000000 
0.01407640 0.01018365 0.00015884 0.00000000 0.00000000 0.00000000 0.00000000 0.00000000 0.00000000 
0.00000479 0.00015884 0.00365875 0.00000000 0.00000000 0.00000000 0.00000000 0.00000000 0.00000000 
0.00000000 0.00000000 0.00000000 1.16543868 0.01407640 0.00000479 0.00000000 0.00000000 0.00000000 
0.00000000 0.00000000 0.00000000 0.01407640 0.01018365 0.00015884 0.00000000 0.00000000 0.00000000 
0.00000000 0.00000000 0.00000000 0.00000479 0.00015884 0.00365875 0.00000000 0.00000000 0.00000000 
0.00000000 0.00000000 0.00000000 0.00000000 0.00000000 0.00000000 0.01957693 0.01407640 0.00000479 
0.00000000 0.00000000 0.00000000 0.00000000 0.00000000 0.00000000 0.01407640 0.01018365 0.00015884 
0.00000000 0.00000000 0.00000000 0.00000000 0.00000000 0.00000000 0.00000479 0.00015884 0.00365875 

//X
16.90173340,33.40841675,
//X_Predict
16.14300294,34.55524523,
//m_P
1.02259488 0.01502394 0.00000479 0.00000000 0.00000000 0.00000000 0.00000000 0.00000000 0.00000000 
0.01502394 0.01019590 0.00015884 0.00000000 0.00000000 0.00000000 0.00000000 0.00000000 0.00000000 
0.00000479 0.00015884 0.00365875 0.00000000 0.00000000 0.00000000 0.00000000 0.00000000 0.00000000 
0.00000000 0.00000000 0.00000000 1.16814499 0.01502394 0.00000479 0.00000000 0.00000000 0.00000000 
0.00000000 0.00000000 0.00000000 0.01502394 0.01019590 0.00015884 0.00000000 0.00000000 0.00000000 
0.00000000 0.00000000 0.00000000 0.00000479 0.00015884 0.00365875 0.00000000 0.00000000 0.00000000 
0.00000000 0.00000000 0.00000000 0.00000000 0.00000000 0.00000000 0.02228324 0.01502394 0.00000479 
0.00000000 0.00000000 0.00000000 0.00000000 0.00000000 0.00000000 0.01502394 0.01019590 0.00015884 
0.00000000 0.00000000 0.00000000 0.00000000 0.00000000 0.00000000 0.00000479 0.00015884 0.00365875 

//X
14.99613571,32.33270645,
//X_Predict
17.08943098,36.58114171,
//m_P
1.02547754 0.01597262 0.00000479 0.00000000 0.00000000 0.00000000 0.00000000 0.00000000 0.00000000 
0.01597262 0.01020814 0.00015884 0.00000000 0.00000000 0.00000000 0.00000000 0.00000000 0.00000000 
0.00000479 0.00015884 0.00365875 0.00000000 0.00000000 0.00000000 0.00000000 0.00000000 0.00000000 
0.00000000 0.00000000 0.00000000 1.17102764 0.01597262 0.00000479 0.00000000 0.00000000 0.00000000 
0.00000000 0.00000000 0.00000000 0.01597262 0.01020814 0.00015884 0.00000000 0.00000000 0.00000000 
0.00000000 0.00000000 0.00000000 0.00000479 0.00015884 0.00365875 0.00000000 0.00000000 0.00000000 
0.00000000 0.00000000 0.00000000 0.00000000 0.00000000 0.00000000 0.02516589 0.01597262 0.00000479 
0.00000000 0.00000000 0.00000000 0.00000000 0.00000000 0.00000000 0.01597262 0.01020814 0.00015884 
0.00000000 0.00000000 0.00000000 0.00000000 0.00000000 0.00000000 0.00000479 0.00015884 0.00365875 

//X
19.76230621,39.61184311,
//X_Predict
18.03585901,38.60703818,
//m_P
1.02853676 0.01692243 0.00000479 0.00000000 0.00000000 0.00000000 0.00000000 0.00000000 0.00000000 
0.01692243 0.01022038 0.00015884 0.00000000 0.00000000 0.00000000 0.00000000 0.00000000 0.00000000 
0.00000479 0.00015884 0.00365875 0.00000000 0.00000000 0.00000000 0.00000000 0.00000000 0.00000000 
0.00000000 0.00000000 0.00000000 1.17408686 0.01692243 0.00000479 0.00000000 0.00000000 0.00000000 
0.00000000 0.00000000 0.00000000 0.01692243 0.01022038 0.00015884 0.00000000 0.00000000 0.00000000 
0.00000000 0.00000000 0.00000000 0.00000479 0.00015884 0.00365875 0.00000000 0.00000000 0.00000000 
0.00000000 0.00000000 0.00000000 0.00000000 0.00000000 0.00000000 0.02822511 0.01692243 0.00000479 
0.00000000 0.00000000 0.00000000 0.00000000 0.00000000 0.00000000 0.01692243 0.01022038 0.00015884 
0.00000000 0.00000000 0.00000000 0.00000000 0.00000000 0.00000000 0.00000479 0.00015884 0.00365875 

//X
17.85977936,34.68423080,
//X_Predict
18.98228704,40.63293466,
//m_P
1.03177274 0.01787338 0.00000479 0.00000000 0.00000000 0.00000000 0.00000000 0.00000000 0.00000000 
0.01787338 0.01023263 0.00015884 0.00000000 0.00000000 0.00000000 0.00000000 0.00000000 0.00000000 
0.00000479 0.00015884 0.00365875 0.00000000 0.00000000 0.00000000 0.00000000 0.00000000 0.00000000 
0.00000000 0.00000000 0.00000000 1.17732285 0.01787338 0.00000479 0.00000000 0.00000000 0.00000000 
0.00000000 0.00000000 0.00000000 0.01787338 0.01023263 0.00015884 0.00000000 0.00000000 0.00000000 
0.00000000 0.00000000 0.00000000 0.00000479 0.00015884 0.00365875 0.00000000 0.00000000 0.00000000 
0.00000000 0.00000000 0.00000000 0.00000000 0.00000000 0.00000000 0.03146109 0.01787338 0.00000479 
0.00000000 0.00000000 0.00000000 0.00000000 0.00000000 0.00000000 0.01787338 0.01023263 0.00015884 
0.00000000 0.00000000 0.00000000 0.00000000 0.00000000 0.00000000 0.00000479 0.00015884 0.00365875 

//X
22.18990326,43.63343811,
//X_Predict
19.92871508,42.65883113,
//m_P
1.03518571 0.01882547 0.00000479 0.00000000 0.00000000 0.00000000 0.00000000 0.00000000 0.00000000 
0.01882547 0.01024487 0.00015884 0.00000000 0.00000000 0.00000000 0.00000000 0.00000000 0.00000000 
0.00000479 0.00015884 0.00365875 0.00000000 0.00000000 0.00000000 0.00000000 0.00000000 0.00000000 
0.00000000 0.00000000 0.00000000 1.18073581 0.01882547 0.00000479 0.00000000 0.00000000 0.00000000 
0.00000000 0.00000000 0.00000000 0.01882547 0.01024487 0.00015884 0.00000000 0.00000000 0.00000000 
0.00000000 0.00000000 0.00000000 0.00000479 0.00015884 0.00365875 0.00000000 0.00000000 0.00000000 
0.00000000 0.00000000 0.00000000 0.00000000 0.00000000 0.00000000 0.03487406 0.01882547 0.00000479 
0.00000000 0.00000000 0.00000000 0.00000000 0.00000000 0.00000000 0.01882547 0.01024487 0.00015884 
0.00000000 0.00000000 0.00000000 0.00000000 0.00000000 0.00000000 0.00000479 0.00015884 0.00365875 

//X
20.88409424,41.61008835,
//X_Predict
20.87514311,44.68472761,
//m_P
1.03877588 0.01977870 0.00000479 0.00000000 0.00000000 0.00000000 0.00000000 0.00000000 0.00000000 
0.01977870 0.01025711 0.00015884 0.00000000 0.00000000 0.00000000 0.00000000 0.00000000 0.00000000 
0.00000479 0.00015884 0.00365875 0.00000000 0.00000000 0.00000000 0.00000000 0.00000000 0.00000000 
0.00000000 0.00000000 0.00000000 1.18432598 0.01977870 0.00000479 0.00000000 0.00000000 0.00000000 
0.00000000 0.00000000 0.00000000 0.01977870 0.01025711 0.00015884 0.00000000 0.00000000 0.00000000 
0.00000000 0.00000000 0.00000000 0.00000479 0.00015884 0.00365875 0.00000000 0.00000000 0.00000000 
0.00000000 0.00000000 0.00000000 0.00000000 0.00000000 0.00000000 0.03846423 0.01977870 0.00000479 
0.00000000 0.00000000 0.00000000 0.00000000 0.00000000 0.00000000 0.01977870 0.01025711 0.00015884 
0.00000000 0.00000000 0.00000000 0.00000000 0.00000000 0.00000000 0.00000479 0.00015884 0.00365875 

//X
23.48305511,44.78300095,
//X_Predict
21.82157114,46.71062408,
//m_P
1.04254345 0.02073307 0.00000479 0.00000000 0.00000000 0.00000000 0.00000000 0.00000000 0.00000000 
0.02073307 0.01026936 0.00015884 0.00000000 0.00000000 0.00000000 0.00000000 0.00000000 0.00000000 
0.00000479 0.00015884 0.00365875 0.00000000 0.00000000 0.00000000 0.00000000 0.00000000 0.00000000 
0.00000000 0.00000000 0.00000000 1.18809355 0.02073307 0.00000479 0.00000000 0.00000000 0.00000000 
0.00000000 0.00000000 0.00000000 0.02073307 0.01026936 0.00015884 0.00000000 0.00000000 0.00000000 
0.00000000 0.00000000 0.00000000 0.00000479 0.00015884 0.00365875 0.00000000 0.00000000 0.00000000 
0.00000000 0.00000000 0.00000000 0.00000000 0.00000000 0.00000000 0.04223180 0.02073307 0.00000479 
0.00000000 0.00000000 0.00000000 0.00000000 0.00000000 0.00000000 0.02073307 0.01026936 0.00015884 
0.00000000 0.00000000 0.00000000 0.00000000 0.00000000 0.00000000 0.00000479 0.00015884 0.00365875 

//X
21.45355034,41.60310364,
//X_Predict
22.76799918,48.73652056,
//m_P
1.04648864 0.02168858 0.00000479 0.00000000 0.00000000 0.00000000 0.00000000 0.00000000 0.00000000 
0.02168858 0.01028160 0.00015884 0.00000000 0.00000000 0.00000000 0.00000000 0.00000000 0.00000000 
0.00000479 0.00015884 0.00365875 0.00000000 0.00000000 0.00000000 0.00000000 0.00000000 0.00000000 
0.00000000 0.00000000 0.00000000 1.19203874 0.02168858 0.00000479 0.00000000 0.00000000 0.00000000 
0.00000000 0.00000000 0.00000000 0.02168858 0.01028160 0.00015884 0.00000000 0.00000000 0.00000000 
0.00000000 0.00000000 0.00000000 0.00000479 0.00015884 0.00365875 0.00000000 0.00000000 0.00000000 
0.00000000 0.00000000 0.00000000 0.00000000 0.00000000 0.00000000 0.04617699 0.02168858 0.00000479 
0.00000000 0.00000000 0.00000000 0.00000000 0.00000000 0.00000000 0.02168858 0.01028160 0.00015884 
0.00000000 0.00000000 0.00000000 0.00000000 0.00000000 0.00000000 0.00000479 0.00015884 0.00365875 

//X
26.58661652,49.25767899,
//X_Predict
23.71442721,50.76241703,
//m_P
1.05061166 0.02264522 0.00000479 0.00000000 0.00000000 0.00000000 0.00000000 0.00000000 0.00000000 
0.02264522 0.01029384 0.00015884 0.00000000 0.00000000 0.00000000 0.00000000 0.00000000 0.00000000 
0.00000479 0.00015884 0.00365875 0.00000000 0.00000000 0.00000000 0.00000000 0.00000000 0.00000000 
0.00000000 0.00000000 0.00000000 1.19616176 0.02264522 0.00000479 0.00000000 0.00000000 0.00000000 
0.00000000 0.00000000 0.00000000 0.02264522 0.01029384 0.00015884 0.00000000 0.00000000 0.00000000 
0.00000000 0.00000000 0.00000000 0.00000479 0.00015884 0.00365875 0.00000000 0.00000000 0.00000000 
0.00000000 0.00000000 0.00000000 0.00000000 0.00000000 0.00000000 0.05030001 0.02264522 0.00000479 
0.00000000 0.00000000 0.00000000 0.00000000 0.00000000 0.00000000 0.02264522 0.01029384 0.00015884 
0.00000000 0.00000000 0.00000000 0.00000000 0.00000000 0.00000000 0.00000479 0.00015884 0.00365875 

//X
24.31133652,49.02293777,
//X_Predict
24.66085524,52.78831351,
//m_P
1.05491272 0.02360301 0.00000479 0.00000000 0.00000000 0.00000000 0.00000000 0.00000000 0.00000000 
0.02360301 0.01030609 0.00015884 0.00000000 0.00000000 0.00000000 0.00000000 0.00000000 0.00000000 
0.00000479 0.00015884 0.00365875 0.00000000 0.00000000 0.00000000 0.00000000 0.00000000 0.00000000 
0.00000000 0.00000000 0.00000000 1.20046282 0.02360301 0.00000479 0.00000000 0.00000000 0.00000000 
0.00000000 0.00000000 0.00000000 0.02360301 0.01030609 0.00015884 0.00000000 0.00000000 0.00000000 
0.00000000 0.00000000 0.00000000 0.00000479 0.00015884 0.00365875 0.00000000 0.00000000 0.00000000 
0.00000000 0.00000000 0.00000000 0.00000000 0.00000000 0.00000000 0.05460107 0.02360301 0.00000479 
0.00000000 0.00000000 0.00000000 0.00000000 0.00000000 0.00000000 0.02360301 0.01030609 0.00015884 
0.00000000 0.00000000 0.00000000 0.00000000 0.00000000 0.00000000 0.00000479 0.00015884 0.00365875 

//X
29.23946190,58.49812317,
//X_Predict
25.60728328,54.81420998,
//m_P
1.05939203 0.02456193 0.00000479 0.00000000 0.00000000 0.00000000 0.00000000 0.00000000 0.00000000 
0.02456193 0.01031833 0.00015884 0.00000000 0.00000000 0.00000000 0.00000000 0.00000000 0.00000000 
0.00000479 0.00015884 0.00365875 0.00000000 0.00000000 0.00000000 0.00000000 0.00000000 0.00000000 
0.00000000 0.00000000 0.00000000 1.20494214 0.02456193 0.00000479 0.00000000 0.00000000 0.00000000 
0.00000000 0.00000000 0.00000000 0.02456193 0.01031833 0.00015884 0.00000000 0.00000000 0.00000000 
0.00000000 0.00000000 0.00000000 0.00000479 0.00015884 0.00365875 0.00000000 0.00000000 0.00000000 
0.00000000 0.00000000 0.00000000 0.00000000 0.00000000 0.00000000 0.05908038 0.02456193 0.00000479 
0.00000000 0.00000000 0.00000000 0.00000000 0.00000000 0.00000000 0.02456193 0.01031833 0.00015884 
0.00000000 0.00000000 0.00000000 0.00000000 0.00000000 0.00000000 0.00000479 0.00015884 0.00365875 

//X
25.68861389,49.89909363,
//X_Predict
26.55371131,56.84010646,
//m_P
1.06404981 0.02552199 0.00000479 0.00000000 0.00000000 0.00000000 0.00000000 0.00000000 0.00000000 
0.02552199 0.01033057 0.00015884 0.00000000 0.00000000 0.00000000 0.00000000 0.00000000 0.00000000 
0.00000479 0.00015884 0.00365875 0.00000000 0.00000000 0.00000000 0.00000000 0.00000000 0.00000000 
0.00000000 0.00000000 0.00000000 1.20959992 0.02552199 0.00000479 0.00000000 0.00000000 0.00000000 
0.00000000 0.00000000 0.00000000 0.02552199 0.01033057 0.00015884 0.00000000 0.00000000 0.00000000 
0.00000000 0.00000000 0.00000000 0.00000479 0.00015884 0.00365875 0.00000000 0.00000000 0.00000000 
0.00000000 0.00000000 0.00000000 0.00000000 0.00000000 0.00000000 0.06373817 0.02552199 0.00000479 
0.00000000 0.00000000 0.00000000 0.00000000 0.00000000 0.00000000 0.02552199 0.01033057 0.00015884 
0.00000000 0.00000000 0.00000000 0.00000000 0.00000000 0.00000000 0.00000479 0.00015884 0.00365875 

//X
28.93159103,58.08100128,
//X_Predict
27.50013934,58.86600293,
//m_P
1.06888627 0.02648319 0.00000479 0.00000000 0.00000000 0.00000000 0.00000000 0.00000000 0.00000000 
0.02648319 0.01034282 0.00015884 0.00000000 0.00000000 0.00000000 0.00000000 0.00000000 0.00000000 
0.00000479 0.00015884 0.00365875 0.00000000 0.00000000 0.00000000 0.00000000 0.00000000 0.00000000 
0.00000000 0.00000000 0.00000000 1.21443637 0.02648319 0.00000479 0.00000000 0.00000000 0.00000000 
0.00000000 0.00000000 0.00000000 0.02648319 0.01034282 0.00015884 0.00000000 0.00000000 0.00000000 
0.00000000 0.00000000 0.00000000 0.00000479 0.00015884 0.00365875 0.00000000 0.00000000 0.00000000 
0.00000000 0.00000000 0.00000000 0.00000000 0.00000000 0.00000000 0.06857462 0.02648319 0.00000479 
0.00000000 0.00000000 0.00000000 0.00000000 0.00000000 0.00000000 0.02648319 0.01034282 0.00015884 
0.00000000 0.00000000 0.00000000 0.00000000 0.00000000 0.00000000 0.00000479 0.00015884 0.00365875 

//X
28.42064857,50.92207336,
//X_Predict
28.44656738,60.89189941,
//m_P
1.07390162 0.02744553 0.00000479 0.00000000 0.00000000 0.00000000 0.00000000 0.00000000 0.00000000 
0.02744553 0.01035506 0.00015884 0.00000000 0.00000000 0.00000000 0.00000000 0.00000000 0.00000000 
0.00000479 0.00015884 0.00365875 0.00000000 0.00000000 0.00000000 0.00000000 0.00000000 0.00000000 
0.00000000 0.00000000 0.00000000 1.21945172 0.02744553 0.00000479 0.00000000 0.00000000 0.00000000 
0.00000000 0.00000000 0.00000000 0.02744553 0.01035506 0.00015884 0.00000000 0.00000000 0.00000000 
0.00000000 0.00000000 0.00000000 0.00000479 0.00015884 0.00365875 0.00000000 0.00000000 0.00000000 
0.00000000 0.00000000 0.00000000 0.00000000 0.00000000 0.00000000 0.07358997 0.02744553 0.00000479 
0.00000000 0.00000000 0.00000000 0.00000000 0.00000000 0.00000000 0.02744553 0.01035506 0.00015884 
0.00000000 0.00000000 0.00000000 0.00000000 0.00000000 0.00000000 0.00000479 0.00015884 0.00365875 

//X
31.40929604,60.69475174,
//X_Predict
29.39299541,62.91779588,
//m_P
1.07909607 0.02840900 0.00000479 0.00000000 0.00000000 0.00000000 0.00000000 0.00000000 0.00000000 
0.02840900 0.01036730 0.00015884 0.00000000 0.00000000 0.00000000 0.00000000 0.00000000 0.00000000 
0.00000479 0.00015884 0.00365875 0.00000000 0.00000000 0.00000000 0.00000000 0.00000000 0.00000000 
0.00000000 0.00000000 0.00000000 1.22464617 0.02840900 0.00000479 0.00000000 0.00000000 0.00000000 
0.00000000 0.00000000 0.00000000 0.02840900 0.01036730 0.00015884 0.00000000 0.00000000 0.00000000 
0.00000000 0.00000000 0.00000000 0.00000479 0.00015884 0.00365875 0.00000000 0.00000000 0.00000000 
0.00000000 0.00000000 0.00000000 0.00000000 0.00000000 0.00000000 0.07878442 0.02840900 0.00000479 
0.00000000 0.00000000 0.00000000 0.00000000 0.00000000 0.00000000 0.02840900 0.01036730 0.00015884 
0.00000000 0.00000000 0.00000000 0.00000000 0.00000000 0.00000000 0.00000479 0.00015884 0.00365875 

//X
29.74911499,54.68569946,
//X_Predict
30.33942344,64.94369236,
//m_P
1.08446983 0.02937362 0.00000479 0.00000000 0.00000000 0.00000000 0.00000000 0.00000000 0.00000000 
0.02937362 0.01037955 0.00015884 0.00000000 0.00000000 0.00000000 0.00000000 0.00000000 0.00000000 
0.00000479 0.00015884 0.00365875 0.00000000 0.00000000 0.00000000 0.00000000 0.00000000 0.00000000 
0.00000000 0.00000000 0.00000000 1.23001993 0.02937362 0.00000479 0.00000000 0.00000000 0.00000000 
0.00000000 0.00000000 0.00000000 0.02937362 0.01037955 0.00015884 0.00000000 0.00000000 0.00000000 
0.00000000 0.00000000 0.00000000 0.00000479 0.00015884 0.00365875 0.00000000 0.00000000 0.00000000 
0.00000000 0.00000000 0.00000000 0.00000000 0.00000000 0.00000000 0.08415818 0.02937362 0.00000479 
0.00000000 0.00000000 0.00000000 0.00000000 0.00000000 0.00000000 0.02937362 0.01037955 0.00015884 
0.00000000 0.00000000 0.00000000 0.00000000 0.00000000 0.00000000 0.00000479 0.00015884 0.00365875 

//X
32.03497696,71.35037994,
//X_Predict
31.28585148,66.96958884,
//m_P
1.09002311 0.03033938 0.00000479 0.00000000 0.00000000 0.00000000 0.00000000 0.00000000 0.00000000 
0.03033938 0.01039179 0.00015884 0.00000000 0.00000000 0.00000000 0.00000000 0.00000000 0.00000000 
0.00000479 0.00015884 0.00365875 0.00000000 0.00000000 0.00000000 0.00000000 0.00000000 0.00000000 
0.00000000 0.00000000 0.00000000 1.23557321 0.03033938 0.00000479 0.00000000 0.00000000 0.00000000 
0.00000000 0.00000000 0.00000000 0.03033938 0.01039179 0.00015884 0.00000000 0.00000000 0.00000000 
0.00000000 0.00000000 0.00000000 0.00000479 0.00015884 0.00365875 0.00000000 0.00000000 0.00000000 
0.00000000 0.00000000 0.00000000 0.00000000 0.00000000 0.00000000 0.08971146 0.03033938 0.00000479 
0.00000000 0.00000000 0.00000000 0.00000000 0.00000000 0.00000000 0.03033938 0.01039179 0.00015884 
0.00000000 0.00000000 0.00000000 0.00000000 0.00000000 0.00000000 0.00000479 0.00015884 0.00365875 

//X
30.01328659,60.00125504,
//X_Predict
32.23227951,68.99548531,
//m_P
1.09575613 0.03130627 0.00000479 0.00000000 0.00000000 0.00000000 0.00000000 0.00000000 0.00000000 
0.03130627 0.01040404 0.00015884 0.00000000 0.00000000 0.00000000 0.00000000 0.00000000 0.00000000 
0.00000479 0.00015884 0.00365875 0.00000000 0.00000000 0.00000000 0.00000000 0.00000000 0.00000000 
0.00000000 0.00000000 0.00000000 1.24130624 0.03130627 0.00000479 0.00000000 0.00000000 0.00000000 
0.00000000 0.00000000 0.00000000 0.03130627 0.01040404 0.00015884 0.00000000 0.00000000 0.00000000 
0.00000000 0.00000000 0.00000000 0.00000479 0.00015884 0.00365875 0.00000000 0.00000000 0.00000000 
0.00000000 0.00000000 0.00000000 0.00000000 0.00000000 0.00000000 0.09544448 0.03130627 0.00000479 
0.00000000 0.00000000 0.00000000 0.00000000 0.00000000 0.00000000 0.03130627 0.01040404 0.00015884 
0.00000000 0.00000000 0.00000000 0.00000000 0.00000000 0.00000000 0.00000479 0.00015884 0.00365875 

//X
36.49885178,73.87496948,
//X_Predict
33.17870754,71.02138179,
//m_P
1.10166910 0.03227430 0.00000479 0.00000000 0.00000000 0.00000000 0.00000000 0.00000000 0.00000000 
0.03227430 0.01041628 0.00015884 0.00000000 0.00000000 0.00000000 0.00000000 0.00000000 0.00000000 
0.00000479 0.00015884 0.00365875 0.00000000 0.00000000 0.00000000 0.00000000 0.00000000 0.00000000 
0.00000000 0.00000000 0.00000000 1.24721920 0.03227430 0.00000479 0.00000000 0.00000000 0.00000000 
0.00000000 0.00000000 0.00000000 0.03227430 0.01041628 0.00015884 0.00000000 0.00000000 0.00000000 
0.00000000 0.00000000 0.00000000 0.00000479 0.00015884 0.00365875 0.00000000 0.00000000 0.00000000 
0.00000000 0.00000000 0.00000000 0.00000000 0.00000000 0.00000000 0.10135745 0.03227430 0.00000479 
0.00000000 0.00000000 0.00000000 0.00000000 0.00000000 0.00000000 0.03227430 0.01041628 0.00015884 
0.00000000 0.00000000 0.00000000 0.00000000 0.00000000 0.00000000 0.00000479 0.00015884 0.00365875 

//X
34.28974152,67.60674286,
//X_Predict
34.12513558,73.04727826,
//m_P
1.10776223 0.03324347 0.00000479 0.00000000 0.00000000 0.00000000 0.00000000 0.00000000 0.00000000 
0.03324347 0.01042852 0.00015884 0.00000000 0.00000000 0.00000000 0.00000000 0.00000000 0.00000000 
0.00000479 0.00015884 0.00365875 0.00000000 0.00000000 0.00000000 0.00000000 0.00000000 0.00000000 
0.00000000 0.00000000 0.00000000 1.25331233 0.03324347 0.00000479 0.00000000 0.00000000 0.00000000 
0.00000000 0.00000000 0.00000000 0.03324347 0.01042852 0.00015884 0.00000000 0.00000000 0.00000000 
0.00000000 0.00000000 0.00000000 0.00000479 0.00015884 0.00365875 0.00000000 0.00000000 0.00000000 
0.00000000 0.00000000 0.00000000 0.00000000 0.00000000 0.00000000 0.10745058 0.03324347 0.00000479 
0.00000000 0.00000000 0.00000000 0.00000000 0.00000000 0.00000000 0.03324347 0.01042852 0.00015884 
0.00000000 0.00000000 0.00000000 0.00000000 0.00000000 0.00000000 0.00000479 0.00015884 0.00365875 

//X
38.18242264,73.84813690,
//X_Predict
35.07156361,75.07317474,
//m_P
1.11403573 0.03421378 0.00000479 0.00000000 0.00000000 0.00000000 0.00000000 0.00000000 0.00000000 
0.03421378 0.01044077 0.00015884 0.00000000 0.00000000 0.00000000 0.00000000 0.00000000 0.00000000 
0.00000479 0.00015884 0.00365875 0.00000000 0.00000000 0.00000000 0.00000000 0.00000000 0.00000000 
0.00000000 0.00000000 0.00000000 1.25958583 0.03421378 0.00000479 0.00000000 0.00000000 0.00000000 
0.00000000 0.00000000 0.00000000 0.03421378 0.01044077 0.00015884 0.00000000 0.00000000 0.00000000 
0.00000000 0.00000000 0.00000000 0.00000479 0.00015884 0.00365875 0.00000000 0.00000000 0.00000000 
0.00000000 0.00000000 0.00000000 0.00000000 0.00000000 0.00000000 0.11372408 0.03421378 0.00000479 
0.00000000 0.00000000 0.00000000 0.00000000 0.00000000 0.00000000 0.03421378 0.01044077 0.00015884 
0.00000000 0.00000000 0.00000000 0.00000000 0.00000000 0.00000000 0.00000479 0.00015884 0.00365875 

//X
35.81505966,69.08307648,
//X_Predict
36.01799164,77.09907121,
//m_P
1.12048982 0.03518523 0.00000479 0.00000000 0.00000000 0.00000000 0.00000000 0.00000000 0.00000000 
0.03518523 0.01045301 0.00015884 0.00000000 0.00000000 0.00000000 0.00000000 0.00000000 0.00000000 
0.00000479 0.00015884 0.00365875 0.00000000 0.00000000 0.00000000 0.00000000 0.00000000 0.00000000 
0.00000000 0.00000000 0.00000000 1.26603992 0.03518523 0.00000479 0.00000000 0.00000000 0.00000000 
0.00000000 0.00000000 0.00000000 0.03518523 0.01045301 0.00015884 0.00000000 0.00000000 0.00000000 
0.00000000 0.00000000 0.00000000 0.00000479 0.00015884 0.00365875 0.00000000 0.00000000 0.00000000 
0.00000000 0.00000000 0.00000000 0.00000000 0.00000000 0.00000000 0.12017817 0.03518523 0.00000479 
0.00000000 0.00000000 0.00000000 0.00000000 0.00000000 0.00000000 0.03518523 0.01045301 0.00015884 
0.00000000 0.00000000 0.00000000 0.00000000 0.00000000 0.00000000 0.00000479 0.00015884 0.00365875 

//X
40.17562103,85.01683044,
//X_Predict
36.96441968,79.12496769,
//m_P
1.12712469 0.03615781 0.00000479 0.00000000 0.00000000 0.00000000 0.00000000 0.00000000 0.00000000 
0.03615781 0.01046525 0.00015884 0.00000000 0.00000000 0.00000000 0.00000000 0.00000000 0.00000000 
0.00000479 0.00015884 0.00365875 0.00000000 0.00000000 0.00000000 0.00000000 0.00000000 0.00000000 
0.00000000 0.00000000 0.00000000 1.27267480 0.03615781 0.00000479 0.00000000 0.00000000 0.00000000 
0.00000000 0.00000000 0.00000000 0.03615781 0.01046525 0.00015884 0.00000000 0.00000000 0.00000000 
0.00000000 0.00000000 0.00000000 0.00000479 0.00015884 0.00365875 0.00000000 0.00000000 0.00000000 
0.00000000 0.00000000 0.00000000 0.00000000 0.00000000 0.00000000 0.12681305 0.03615781 0.00000479 
0.00000000 0.00000000 0.00000000 0.00000000 0.00000000 0.00000000 0.03615781 0.01046525 0.00015884 
0.00000000 0.00000000 0.00000000 0.00000000 0.00000000 0.00000000 0.00000479 0.00015884 0.00365875 

//X
37.75447083,69.30559540,
//X_Predict
37.91084771,81.15086416,
//m_P
1.13394058 0.03713154 0.00000479 0.00000000 0.00000000 0.00000000 0.00000000 0.00000000 0.00000000 
0.03713154 0.01047750 0.00015884 0.00000000 0.00000000 0.00000000 0.00000000 0.00000000 0.00000000 
0.00000479 0.00015884 0.00365875 0.00000000 0.00000000 0.00000000 0.00000000 0.00000000 0.00000000 
0.00000000 0.00000000 0.00000000 1.27949068 0.03713154 0.00000479 0.00000000 0.00000000 0.00000000 
0.00000000 0.00000000 0.00000000 0.03713154 0.01047750 0.00015884 0.00000000 0.00000000 0.00000000 
0.00000000 0.00000000 0.00000000 0.00000479 0.00015884 0.00365875 0.00000000 0.00000000 0.00000000 
0.00000000 0.00000000 0.00000000 0.00000000 0.00000000 0.00000000 0.13362893 0.03713154 0.00000479 
0.00000000 0.00000000 0.00000000 0.00000000 0.00000000 0.00000000 0.03713154 0.01047750 0.00015884 
0.00000000 0.00000000 0.00000000 0.00000000 0.00000000 0.00000000 0.00000479 0.00015884 0.00365875 

//X
42.99533463,83.85226440,
//X_Predict
38.85727574,83.17676064,
//m_P
1.14093769 0.03810640 0.00000479 0.00000000 0.00000000 0.00000000 0.00000000 0.00000000 0.00000000 
0.03810640 0.01048974 0.00015884 0.00000000 0.00000000 0.00000000 0.00000000 0.00000000 0.00000000 
0.00000479 0.00015884 0.00365875 0.00000000 0.00000000 0.00000000 0.00000000 0.00000000 0.00000000 
0.00000000 0.00000000 0.00000000 1.28648779 0.03810640 0.00000479 0.00000000 0.00000000 0.00000000 
0.00000000 0.00000000 0.00000000 0.03810640 0.01048974 0.00015884 0.00000000 0.00000000 0.00000000 
0.00000000 0.00000000 0.00000000 0.00000479 0.00015884 0.00365875 0.00000000 0.00000000 0.00000000 
0.00000000 0.00000000 0.00000000 0.00000000 0.00000000 0.00000000 0.14062604 0.03810640 0.00000479 
0.00000000 0.00000000 0.00000000 0.00000000 0.00000000 0.00000000 0.03810640 0.01048974 0.00015884 
0.00000000 0.00000000 0.00000000 0.00000000 0.00000000 0.00000000 0.00000479 0.00015884 0.00365875 

//X
39.64228821,77.99172974,
//X_Predict
39.80370378,85.20265711,
//m_P
